100 512
2 1 0 -256.0 128.0 0 0 0 1 1 1 0
2 1 0 -256.0 112.0 0 0 0 1 1 1 0
2 1 0 -256.0 96.0 0 0 0 1 1 1 0
2 1 0 -256.0 80.0 0 0 0 1 1 1 0
2 1 0 -256.0 64.0 0 0 0 1 1 1 0
2 1 0 -256.0 48.0 0 0 0 1 1 1 0
2 1 0 -256.0 32.0 0 0 0 1 1 1 0
2 1 0 -256.0 16.0 0 0 0 1 1 1 0
2 1 0 -256.0 0.0 0 0 0 1 1 1 0
2 1 0 -256.0 -16.0 0 0 0 1 1 1 0
2 1 0 -256.0 -32.0 0 0 0 1 1 1 0
2 1 0 -256.0 -48.0 0 0 0 1 1 1 0
2 1 0 -256.0 -64.0 0 0 0 1 1 1 0
2 1 0 -256.0 -80.0 0 0 0 1 1 1 0
2 1 0 -256.0 -96.0 0 0 0 1 1 1 0
2 1 0 -256.0 -112.0 0 0 0 1 1 1 0
2 1 0 -240.0 128.0 0 0 0 1 1 1 0
2 1 0 -240.0 112.0 0 0 0 1 1 1 0
2 1 0 -240.0 96.0 0 0 0 1 1 1 0
2 1 0 -240.0 80.0 0 0 0 1 1 1 0
2 1 0 -240.0 64.0 0 0 0 1 1 1 0
2 1 0 -240.0 48.0 0 0 0 1 1 1 0
2 1 0 -240.0 32.0 0 0 0 1 1 1 0
2 1 0 -240.0 16.0 0 0 0 1 1 1 0
2 1 0 -240.0 0.0 0 0 0 1 1 1 0
2 1 0 -240.0 -16.0 0 0 0 1 1 1 0
2 1 0 -240.0 -32.0 0 0 0 1 1 1 0
2 1 0 -240.0 -48.0 0 0 0 1 1 1 0
2 1 0 -240.0 -64.0 0 0 0 1 1 1 0
2 1 0 -240.0 -80.0 0 0 0 1 1 1 0
2 1 0 -240.0 -96.0 0 0 0 1 1 1 0
2 1 0 -240.0 -112.0 0 0 0 1 1 1 0
2 1 0 -224.0 128.0 0 0 0 1 1 1 0
2 1 0 -224.0 112.0 0 0 0 1 1 1 0
2 1 0 -224.0 96.0 0 0 0 1 1 1 0
2 1 0 -224.0 80.0 0 0 0 1 1 1 0
2 1 0 -224.0 64.0 0 0 0 1 1 1 0
2 1 0 -224.0 48.0 0 0 0 1 1 1 0
2 1 0 -224.0 32.0 0 0 0 1 1 1 0
2 1 0 -224.0 16.0 0 0 0 1 1 1 0
2 1 0 -224.0 0.0 0 0 0 1 1 1 0
2 1 0 -224.0 -16.0 0 0 0 1 1 1 0
2 1 0 -224.0 -32.0 0 0 0 1 1 1 0
2 1 0 -224.0 -48.0 0 0 0 1 1 1 0
2 1 0 -224.0 -64.0 0 0 0 1 1 1 0
2 1 0 -224.0 -80.0 0 0 0 1 1 1 0
2 1 0 -224.0 -96.0 0 0 0 1 1 1 0
2 1 0 -224.0 -112.0 0 0 0 1 1 1 0
2 1 0 -208.0 128.0 0 0 0 1 1 1 0
2 1 0 -208.0 112.0 0 0 0 1 1 1 0
2 1 0 -208.0 96.0 0 0 0 1 1 1 0
2 1 0 -208.0 80.0 0 0 0 1 1 1 0
2 1 0 -208.0 64.0 0 0 0 1 1 1 0
2 1 0 -208.0 48.0 0 0 0 1 1 1 0
2 1 0 -208.0 32.0 0 0 0 1 1 1 0
2 1 0 -208.0 16.0 0 0 0 1 1 1 0
2 1 0 -208.0 0.0 0 0 0 1 1 1 0
2 1 0 -208.0 -16.0 0 0 0 1 1 1 0
2 1 0 -208.0 -32.0 0 0 0 1 1 1 0
2 1 0 -208.0 -48.0 0 0 0 1 1 1 0
2 1 0 -208.0 -64.0 0 0 0 1 1 1 0
2 1 0 -208.0 -80.0 0 0 0 1 1 1 0
2 1 0 -208.0 -96.0 0 0 0 1 1 1 0
2 1 0 -208.0 -112.0 0 0 0 1 1 1 0
2 1 0 -192.0 128.0 0 0 0 1 1 1 0
2 1 0 -192.0 112.0 0 0 0 1 1 1 0
2 1 0 -192.0 96.0 0 0 0 1 1 1 0
2 1 0 -192.0 80.0 0 0 0 1 1 1 0
2 1 0 -192.0 64.0 0 0 0 1 1 1 0
2 1 0 -192.0 48.0 0 0 0 1 1 1 0
2 1 0 -192.0 32.0 0 0 0 1 1 1 0
2 1 0 -192.0 16.0 0 0 0 1 1 1 0
2 1 0 -192.0 0.0 0 0 0 1 1 1 0
2 1 0 -192.0 -16.0 0 0 0 1 1 1 0
2 1 0 -192.0 -32.0 0 0 0 1 1 1 0
2 1 0 -192.0 -48.0 0 0 0 1 1 1 0
2 1 0 -192.0 -64.0 0 0 0 1 1 1 0
2 1 0 -192.0 -80.0 0 0 0 1 1 1 0
2 1 0 -192.0 -96.0 0 0 0 1 1 1 0
2 1 0 -192.0 -112.0 0 0 0 1 1 1 0
2 1 0 -176.0 128.0 0 0 0 1 1 1 0
2 1 0 -176.0 112.0 0 0 0 1 1 1 0
2 1 0 -176.0 96.0 0 0 0 1 1 1 0
2 1 0 -176.0 80.0 0 0 0 1 1 1 0
2 1 0 -176.0 64.0 0 0 0 1 1 1 0
2 1 0 -176.0 48.0 0 0 0 1 1 1 0
2 1 0 -176.0 32.0 0 0 0 1 1 1 0
2 1 0 -176.0 16.0 0 0 0 1 1 1 0
2 1 0 -176.0 0.0 0 0 0 1 1 1 0
2 1 0 -176.0 -16.0 0 0 0 1 1 1 0
2 1 0 -176.0 -32.0 0 0 0 1 1 1 0
2 1 0 -176.0 -48.0 0 0 0 1 1 1 0
2 1 0 -176.0 -64.0 0 0 0 1 1 1 0
2 1 0 -176.0 -80.0 0 0 0 1 1 1 0
2 1 0 -176.0 -96.0 0 0 0 1 1 1 0
2 1 0 -176.0 -112.0 0 0 0 1 1 1 0
2 1 0 -160.0 128.0 0 0 0 1 1 1 0
2 1 0 -160.0 112.0 0 0 0 1 1 1 0
2 1 0 -160.0 96.0 0 0 0 1 1 1 0
2 1 0 -160.0 80.0 0 0 0 1 1 1 0
2 1 0 -160.0 64.0 0 0 0 1 1 1 0
2 1 0 -160.0 48.0 0 0 0 1 1 1 0
2 1 0 -160.0 32.0 0 0 0 1 1 1 0
2 1 0 -160.0 16.0 0 0 0 1 1 1 0
2 1 0 -160.0 0.0 0 0 0 1 1 1 0
2 1 0 -160.0 -16.0 0 0 0 1 1 1 0
2 1 0 -160.0 -32.0 0 0 0 1 1 1 0
2 1 0 -160.0 -48.0 0 0 0 1 1 1 0
2 1 0 -160.0 -64.0 0 0 0 1 1 1 0
2 1 0 -160.0 -80.0 0 0 0 1 1 1 0
2 1 0 -160.0 -96.0 0 0 0 1 1 1 0
2 1 0 -160.0 -112.0 0 0 0 1 1 1 0
2 1 0 -144.0 128.0 0 0 0 1 1 1 0
2 1 0 -144.0 112.0 0 0 0 1 1 1 0
2 1 0 -144.0 96.0 0 0 0 1 1 1 0
2 1 0 -144.0 80.0 0 0 0 1 1 1 0
2 1 0 -144.0 64.0 0 0 0 1 1 1 0
2 1 0 -144.0 48.0 0 0 0 1 1 1 0
2 1 0 -144.0 32.0 0 0 0 1 1 1 0
2 1 0 -144.0 16.0 0 0 0 1 1 1 0
2 1 0 -144.0 0.0 0 0 0 1 1 1 0
2 1 0 -144.0 -16.0 0 0 0 1 1 1 0
2 1 0 -144.0 -32.0 0 0 0 1 1 1 0
2 1 0 -144.0 -48.0 0 0 0 1 1 1 0
2 1 0 -144.0 -64.0 0 0 0 1 1 1 0
2 1 0 -144.0 -80.0 0 0 0 1 1 1 0
2 1 0 -144.0 -96.0 0 0 0 1 1 1 0
2 1 0 -144.0 -112.0 0 0 0 1 1 1 0
2 1 0 -128.0 128.0 0 0 0 1 1 1 0
2 1 0 -128.0 112.0 0 0 0 1 1 1 0
2 1 0 -128.0 96.0 0 0 0 1 1 1 0
2 1 0 -128.0 80.0 0 0 0 1 1 1 0
2 1 0 -128.0 64.0 0 0 0 1 1 1 0
2 1 0 -128.0 48.0 0 0 0 1 1 1 0
2 1 0 -128.0 32.0 0 0 0 1 1 1 0
2 1 0 -128.0 16.0 0 0 0 1 1 1 0
2 1 0 -128.0 0.0 0 0 0 1 1 1 0
2 1 0 -128.0 -16.0 0 0 0 1 1 1 0
2 1 0 -128.0 -32.0 0 0 0 1 1 1 0
2 1 0 -128.0 -48.0 0 0 0 1 1 1 0
2 1 0 -128.0 -64.0 0 0 0 1 1 1 0
2 1 0 -128.0 -80.0 0 0 0 1 1 1 0
2 1 0 -128.0 -96.0 0 0 0 1 1 1 0
2 1 0 -128.0 -112.0 0 0 0 1 1 1 0
2 1 0 -112.0 128.0 0 0 0 1 1 1 0
2 1 0 -112.0 112.0 0 0 0 1 1 1 0
2 1 0 -112.0 96.0 0 0 0 1 1 1 0
2 1 0 -112.0 80.0 0 0 0 1 1 1 0
2 1 0 -112.0 64.0 0 0 0 1 1 1 0
2 1 0 -112.0 48.0 0 0 0 1 1 1 0
2 1 0 -112.0 32.0 0 0 0 1 1 1 0
2 1 0 -112.0 16.0 0 0 0 1 1 1 0
2 1 0 -112.0 0.0 0 0 0 1 1 1 0
2 1 0 -112.0 -16.0 0 0 0 1 1 1 0
2 1 0 -112.0 -32.0 0 0 0 1 1 1 0
2 1 0 -112.0 -48.0 0 0 0 1 1 1 0
2 1 0 -112.0 -64.0 0 0 0 1 1 1 0
2 1 0 -112.0 -80.0 0 0 0 1 1 1 0
2 1 0 -112.0 -96.0 0 0 0 1 1 1 0
2 1 0 -112.0 -112.0 0 0 0 1 1 1 0
2 1 0 -96.0 128.0 0 0 0 1 1 1 0
2 1 0 -96.0 112.0 0 0 0 1 1 1 0
2 1 0 -96.0 96.0 0 0 0 1 1 1 0
2 1 0 -96.0 80.0 0 0 0 1 1 1 0
2 1 0 -96.0 64.0 0 0 0 1 1 1 0
2 1 0 -96.0 48.0 0 0 0 1 1 1 0
2 1 0 -96.0 32.0 0 0 0 1 1 1 0
2 1 0 -96.0 16.0 0 0 0 1 1 1 0
2 1 0 -96.0 0.0 0 0 0 1 1 1 0
2 1 0 -96.0 -16.0 0 0 0 1 1 1 0
2 1 0 -96.0 -32.0 0 0 0 1 1 1 0
2 1 0 -96.0 -48.0 0 0 0 1 1 1 0
2 1 0 -96.0 -64.0 0 0 0 1 1 1 0
2 1 0 -96.0 -80.0 0 0 0 1 1 1 0
2 1 0 -96.0 -96.0 0 0 0 1 1 1 0
2 1 0 -96.0 -112.0 0 0 0 1 1 1 0
2 1 0 -80.0 128.0 0 0 0 1 1 1 0
2 1 0 -80.0 112.0 0 0 0 1 1 1 0
2 1 0 -80.0 96.0 0 0 0 1 1 1 0
2 1 0 -80.0 80.0 0 0 0 1 1 1 0
2 1 0 -80.0 64.0 0 0 0 1 1 1 0
2 1 0 -80.0 48.0 0 0 0 1 1 1 0
2 1 0 -80.0 32.0 0 0 0 1 1 1 0
2 1 0 -80.0 16.0 0 0 0 1 1 1 0
2 1 0 -80.0 0.0 0 0 0 1 1 1 0
2 1 0 -80.0 -16.0 0 0 0 1 1 1 0
2 1 0 -80.0 -32.0 0 0 0 1 1 1 0
2 1 0 -80.0 -48.0 0 0 0 1 1 1 0
2 1 0 -80.0 -64.0 0 0 0 1 1 1 0
2 1 0 -80.0 -80.0 0 0 0 1 1 1 0
2 1 0 -80.0 -96.0 0 0 0 1 1 1 0
2 1 0 -80.0 -112.0 0 0 0 1 1 1 0
2 1 0 -64.0 128.0 0 0 0 1 1 1 0
2 1 0 -64.0 112.0 0 0 0 1 1 1 0
2 1 0 -64.0 96.0 0 0 0 1 1 1 0
2 1 0 -64.0 80.0 0 0 0 1 1 1 0
2 1 0 -64.0 64.0 0 0 0 1 1 1 0
2 1 0 -64.0 48.0 0 0 0 1 1 1 0
2 1 0 -64.0 32.0 0 0 0 1 1 1 0
2 1 0 -64.0 16.0 0 0 0 1 1 1 0
2 1 0 -64.0 0.0 0 0 0 1 1 1 0
2 1 0 -64.0 -16.0 0 0 0 1 1 1 0
2 1 0 -64.0 -32.0 0 0 0 1 1 1 0
2 1 0 -64.0 -48.0 0 0 0 1 1 1 0
2 1 0 -64.0 -64.0 0 0 0 1 1 1 0
2 1 0 -64.0 -80.0 0 0 0 1 1 1 0
2 1 0 -64.0 -96.0 0 0 0 1 1 1 0
2 1 0 -64.0 -112.0 0 0 0 1 1 1 0
2 1 0 -48.0 128.0 0 0 0 1 1 1 0
2 1 0 -48.0 112.0 0 0 0 1 1 1 0
2 1 0 -48.0 96.0 0 0 0 1 1 1 0
2 1 0 -48.0 80.0 0 0 0 1 1 1 0
2 1 0 -48.0 64.0 0 0 0 1 1 1 0
2 1 0 -48.0 48.0 0 0 0 1 1 1 0
2 1 0 -48.0 32.0 0 0 0 1 1 1 0
2 1 0 -48.0 16.0 0 0 0 1 1 1 0
2 1 0 -48.0 0.0 0 0 0 1 1 1 0
2 1 0 -48.0 -16.0 0 0 0 1 1 1 0
2 1 0 -48.0 -32.0 0 0 0 1 1 1 0
2 1 0 -48.0 -48.0 0 0 0 1 1 1 0
2 1 0 -48.0 -64.0 0 0 0 1 1 1 0
2 1 0 -48.0 -80.0 0 0 0 1 1 1 0
2 1 0 -48.0 -96.0 0 0 0 1 1 1 0
2 1 0 -48.0 -112.0 0 0 0 1 1 1 0
2 1 0 -32.0 128.0 0 0 0 1 1 1 0
2 1 0 -32.0 112.0 0 0 0 1 1 1 0
2 1 0 -32.0 96.0 0 0 0 1 1 1 0
2 1 0 -32.0 80.0 0 0 0 1 1 1 0
2 1 0 -32.0 64.0 0 0 0 1 1 1 0
2 1 0 -32.0 48.0 0 0 0 1 1 1 0
2 1 0 -32.0 32.0 0 0 0 1 1 1 0
2 1 0 -32.0 16.0 0 0 0 1 1 1 0
2 1 0 -32.0 0.0 0 0 0 1 1 1 0
2 1 0 -32.0 -16.0 0 0 0 1 1 1 0
2 1 0 -32.0 -32.0 0 0 0 1 1 1 0
2 1 0 -32.0 -48.0 0 0 0 1 1 1 0
2 1 0 -32.0 -64.0 0 0 0 1 1 1 0
2 1 0 -32.0 -80.0 0 0 0 1 1 1 0
2 1 0 -32.0 -96.0 0 0 0 1 1 1 0
2 1 0 -32.0 -112.0 0 0 0 1 1 1 0
2 1 0 -16.0 128.0 0 0 0 1 1 1 0
2 1 0 -16.0 112.0 0 0 0 1 1 1 0
2 1 0 -16.0 96.0 0 0 0 1 1 1 0
2 1 0 -16.0 80.0 0 0 0 1 1 1 0
2 1 0 -16.0 64.0 0 0 0 1 1 1 0
2 1 0 -16.0 48.0 0 0 0 1 1 1 0
2 1 0 -16.0 32.0 0 0 0 1 1 1 0
2 1 0 -16.0 16.0 0 0 0 1 1 1 0
2 1 0 -16.0 0.0 0 0 0 1 1 1 0
2 1 0 -16.0 -16.0 0 0 0 1 1 1 0
2 1 0 -16.0 -32.0 0 0 0 1 1 1 0
2 1 0 -16.0 -48.0 0 0 0 1 1 1 0
2 1 0 -16.0 -64.0 0 0 0 1 1 1 0
2 1 0 -16.0 -80.0 0 0 0 1 1 1 0
2 1 0 -16.0 -96.0 0 0 0 1 1 1 0
2 1 0 -16.0 -112.0 0 0 0 1 1 1 0
2 1 0 0.0 128.0 0 0 0 1 1 1 0
2 1 0 0.0 112.0 0 0 0 1 1 1 0
2 1 0 0.0 96.0 0 0 0 1 1 1 0
2 1 0 0.0 80.0 0 0 0 1 1 1 0
2 1 0 0.0 64.0 0 0 0 1 1 1 0
2 1 0 0.0 48.0 0 0 0 1 1 1 0
2 1 0 0.0 32.0 0 0 0 1 1 1 0
2 1 0 0.0 16.0 0 0 0 1 1 1 0
2 1 0 0.0 0.0 0 0 0 1 1 1 0
2 1 0 0.0 -16.0 0 0 0 1 1 1 0
2 1 0 0.0 -32.0 0 0 0 1 1 1 0
2 1 0 0.0 -48.0 0 0 0 1 1 1 0
2 1 0 0.0 -64.0 0 0 0 1 1 1 0
2 1 0 0.0 -80.0 0 0 0 1 1 1 0
2 1 0 0.0 -96.0 0 0 0 1 1 1 0
2 1 0 0.0 -112.0 0 0 0 1 1 1 0
2 1 0 16.0 128.0 0 0 0 1 1 1 0
2 1 0 16.0 112.0 0 0 0 1 1 1 0
2 1 0 16.0 96.0 0 0 0 1 1 1 0
2 1 0 16.0 80.0 0 0 0 1 1 1 0
2 1 0 16.0 64.0 0 0 0 1 1 1 0
2 1 0 16.0 48.0 0 0 0 1 1 1 0
2 1 0 16.0 32.0 0 0 0 1 1 1 0
2 1 0 16.0 16.0 0 0 0 1 1 1 0
2 1 0 16.0 0.0 0 0 0 1 1 1 0
2 1 0 16.0 -16.0 0 0 0 1 1 1 0
2 1 0 16.0 -32.0 0 0 0 1 1 1 0
2 1 0 16.0 -48.0 0 0 0 1 1 1 0
2 1 0 16.0 -64.0 0 0 0 1 1 1 0
2 1 0 16.0 -80.0 0 0 0 1 1 1 0
2 1 0 16.0 -96.0 0 0 0 1 1 1 0
2 1 0 16.0 -112.0 0 0 0 1 1 1 0
2 1 0 32.0 128.0 0 0 0 1 1 1 0
2 1 0 32.0 112.0 0 0 0 1 1 1 0
2 1 0 32.0 96.0 0 0 0 1 1 1 0

2 1 0 32.0 80.0 0 0 0 1 1 1 0
2 1 0 32.0 64.0 0 0 0 1 1 1 0
2 1 0 32.0 48.0 0 0 0 1 1 1 0
2 1 0 32.0 32.0 0 0 0 1 1 1 0
2 1 0 32.0 16.0 0 0 0 1 1 1 0
2 1 0 32.0 0.0 0 0 0 1 1 1 0
2 1 0 32.0 -16.0 0 0 0 1 1 1 0
2 1 0 32.0 -32.0 0 0 0 1 1 1 0
2 1 0 32.0 -48.0 0 0 0 1 1 1 0
2 1 0 32.0 -64.0 0 0 0 1 1 1 0
2 1 0 32.0 -80.0 0 0 0 1 1 1 0
2 1 0 32.0 -96.0 0 0 0 1 1 1 0
2 1 0 32.0 -112.0 0 0 0 1 1 1 0
2 1 0 48.0 128.0 0 0 0 1 1 1 0
2 1 0 48.0 112.0 0 0 0 1 1 1 0
2 1 0 48.0 96.0 0 0 0 1 1 1 0
2 1 0 48.0 80.0 0 0 0 1 1 1 0
2 1 0 48.0 64.0 0 0 0 1 1 1 0
2 1 0 48.0 48.0 0 0 0 1 1 1 0
2 1 0 48.0 32.0 0 0 0 1 1 1 0
2 1 0 48.0 16.0 0 0 0 1 1 1 0
2 1 0 48.0 0.0 0 0 0 1 1 1 0
2 1 0 48.0 -16.0 0 0 0 1 1 1 0
2 1 0 48.0 -32.0 0 0 0 1 1 1 0
2 1 0 48.0 -48.0 0 0 0 1 1 1 0
2 1 0 48.0 -64.0 0 0 0 1 1 1 0
2 1 0 48.0 -80.0 0 0 0 1 1 1 0
2 1 0 48.0 -96.0 0 0 0 1 1 1 0
2 1 0 48.0 -112.0 0 0 0 1 1 1 0
2 1 0 64.0 128.0 0 0 0 1 1 1 0
2 1 0 64.0 112.0 0 0 0 1 1 1 0
2 1 0 64.0 96.0 0 0 0 1 1 1 0
2 1 0 64.0 80.0 0 0 0 1 1 1 0
2 1 0 64.0 64.0 0 0 0 1 1 1 0
2 1 0 64.0 48.0 0 0 0 1 1 1 0
2 1 0 64.0 32.0 0 0 0 1 1 1 0
2 1 0 64.0 16.0 0 0 0 1 1 1 0
2 1 0 64.0 0.0 0 0 0 1 1 1 0
2 1 0 64.0 -16.0 0 0 0 1 1 1 0
2 1 0 64.0 -32.0 0 0 0 1 1 1 0
2 1 0 64.0 -48.0 0 0 0 1 1 1 0
2 1 0 64.0 -64.0 0 0 0 1 1 1 0
2 1 0 64.0 -80.0 0 0 0 1 1 1 0
2 1 0 64.0 -96.0 0 0 0 1 1 1 0
2 1 0 64.0 -112.0 0 0 0 1 1 1 0
2 1 0 80.0 128.0 0 0 0 1 1 1 0
2 1 0 80.0 112.0 0 0 0 1 1 1 0
2 1 0 80.0 96.0 0 0 0 1 1 1 0
2 1 0 80.0 80.0 0 0 0 1 1 1 0
2 1 0 80.0 64.0 0 0 0 1 1 1 0
2 1 0 80.0 48.0 0 0 0 1 1 1 0
2 1 0 80.0 32.0 0 0 0 1 1 1 0
2 1 0 80.0 16.0 0 0 0 1 1 1 0
2 1 0 80.0 0.0 0 0 0 1 1 1 0
2 1 0 80.0 -16.0 0 0 0 1 1 1 0
2 1 0 80.0 -32.0 0 0 0 1 1 1 0
2 1 0 80.0 -48.0 0 0 0 1 1 1 0
2 1 0 80.0 -64.0 0 0 0 1 1 1 0
2 1 0 80.0 -80.0 0 0 0 1 1 1 0
2 1 0 80.0 -96.0 0 0 0 1 1 1 0
2 1 0 80.0 -112.0 0 0 0 1 1 1 0
2 1 0 96.0 128.0 0 0 0 1 1 1 0
2 1 0 96.0 112.0 0 0 0 1 1 1 0
2 1 0 96.0 96.0 0 0 0 1 1 1 0
2 1 0 96.0 80.0 0 0 0 1 1 1 0
2 1 0 96.0 64.0 0 0 0 1 1 1 0
2 1 0 96.0 48.0 0 0 0 1 1 1 0
2 1 0 96.0 32.0 0 0 0 1 1 1 0
2 1 0 96.0 16.0 0 0 0 1 1 1 0
2 1 0 96.0 0.0 0 0 0 1 1 1 0
2 1 0 96.0 -16.0 0 0 0 1 1 1 0
2 1 0 96.0 -32.0 0 0 0 1 1 1 0
2 1 0 96.0 -48.0 0 0 0 1 1 1 0
2 1 0 96.0 -64.0 0 0 0 1 1 1 0
2 1 0 96.0 -80.0 0 0 0 1 1 1 0
2 1 0 96.0 -96.0 0 0 0 1 1 1 0
2 1 0 96.0 -112.0 0 0 0 1 1 1 0
2 1 0 112.0 128.0 0 0 0 1 1 1 0
2 1 0 112.0 112.0 0 0 0 1 1 1 0
2 1 0 112.0 96.0 0 0 0 1 1 1 0
2 1 0 112.0 80.0 0 0 0 1 1 1 0
2 1 0 112.0 64.0 0 0 0 1 1 1 0
2 1 0 112.0 48.0 0 0 0 1 1 1 0
2 1 0 112.0 32.0 0 0 0 1 1 1 0
2 1 0 112.0 16.0 0 0 0 1 1 1 0
2 1 0 112.0 0.0 0 0 0 1 1 1 0
2 1 0 112.0 -16.0 0 0 0 1 1 1 0
2 1 0 112.0 -32.0 0 0 0 1 1 1 0
2 1 0 112.0 -48.0 0 0 0 1 1 1 0
2 1 0 112.0 -64.0 0 0 0 1 1 1 0
2 1 0 112.0 -80.0 0 0 0 1 1 1 0
2 1 0 112.0 -96.0 0 0 0 1 1 1 0
2 1 0 112.0 -112.0 0 0 0 1 1 1 0
2 1 0 128.0 128.0 0 0 0 1 1 1 0
2 1 0 128.0 112.0 0 0 0 1 1 1 0
2 1 0 128.0 96.0 0 0 0 1 1 1 0
2 1 0 128.0 80.0 0 0 0 1 1 1 0
2 1 0 128.0 64.0 0 0 0 1 1 1 0
2 1 0 128.0 48.0 0 0 0 1 1 1 0
2 1 0 128.0 32.0 0 0 0 1 1 1 0
2 1 0 128.0 16.0 0 0 0 1 1 1 0
2 1 0 128.0 0.0 0 0 0 1 1 1 0
2 1 0 128.0 -16.0 0 0 0 1 1 1 0
2 1 0 128.0 -32.0 0 0 0 1 1 1 0
2 1 0 128.0 -48.0 0 0 0 1 1 1 0
2 1 0 128.0 -64.0 0 0 0 1 1 1 0
2 1 0 128.0 -80.0 0 0 0 1 1 1 0
2 1 0 128.0 -96.0 0 0 0 1 1 1 0
2 1 0 128.0 -112.0 0 0 0 1 1 1 0
2 1 0 144.0 128.0 0 0 0 1 1 1 0
2 1 0 144.0 112.0 0 0 0 1 1 1 0
2 1 0 144.0 96.0 0 0 0 1 1 1 0
2 1 0 144.0 80.0 0 0 0 1 1 1 0
2 1 0 144.0 64.0 0 0 0 1 1 1 0
2 1 0 144.0 48.0 0 0 0 1 1 1 0
2 1 0 144.0 32.0 0 0 0 1 1 1 0
2 1 0 144.0 16.0 0 0 0 1 1 1 0
2 1 0 144.0 0.0 0 0 0 1 1 1 0
2 1 0 144.0 -16.0 0 0 0 1 1 1 0
2 1 0 144.0 -32.0 0 0 0 1 1 1 0
2 1 0 144.0 -48.0 0 0 0 1 1 1 0
2 1 0 144.0 -64.0 0 0 0 1 1 1 0
2 1 0 144.0 -80.0 0 0 0 1 1 1 0
2 1 0 144.0 -96.0 0 0 0 1 1 1 0
2 1 0 144.0 -112.0 0 0 0 1 1 1 0
2 1 0 160.0 128.0 0 0 0 1 1 1 0
2 1 0 160.0 112.0 0 0 0 1 1 1 0
2 1 0 160.0 96.0 0 0 0 1 1 1 0
2 1 0 160.0 80.0 0 0 0 1 1 1 0
2 1 0 160.0 64.0 0 0 0 1 1 1 0
2 1 0 160.0 48.0 0 0 0 1 1 1 0
2 1 0 160.0 32.0 0 0 0 1 1 1 0
2 1 0 160.0 16.0 0 0 0 1 1 1 0
2 1 0 160.0 0.0 0 0 0 1 1 1 0
2 1 0 160.0 -16.0 0 0 0 1 1 1 0
2 1 0 160.0 -32.0 0 0 0 1 1 1 0
2 1 0 160.0 -48.0 0 0 0 1 1 1 0
2 1 0 160.0 -64.0 0 0 0 1 1 1 0
2 1 0 160.0 -80.0 0 0 0 1 1 1 0
2 1 0 160.0 -96.0 0 0 0 1 1 1 0
2 1 0 160.0 -112.0 0 0 0 1 1 1 0
2 1 0 176.0 128.0 0 0 0 1 1 1 0
2 1 0 176.0 112.0 0 0 0 1 1 1 0
2 1 0 176.0 96.0 0 0 0 1 1 1 0
2 1 0 176.0 80.0 0 0 0 1 1 1 0
2 1 0 176.0 64.0 0 0 0 1 1 1 0
2 1 0 176.0 48.0 0 0 0 1 1 1 0
2 1 0 176.0 32.0 0 0 0 1 1 1 0
2 1 0 176.0 16.0 0 0 0 1 1 1 0
2 1 0 176.0 0.0 0 0 0 1 1 1 0
2 1 0 176.0 -16.0 0 0 0 1 1 1 0
2 1 0 176.0 -32.0 0 0 0 1 1 1 0
2 1 0 176.0 -48.0 0 0 0 1 1 1 0
2 1 0 176.0 -64.0 0 0 0 1 1 1 0
2 1 0 176.0 -80.0 0 0 0 1 1 1 0
2 1 0 176.0 -96.0 0 0 0 1 1 1 0
2 1 0 176.0 -112.0 0 0 0 1 1 1 0
2 1 0 192.0 128.0 0 0 0 1 1 1 0
2 1 0 192.0 112.0 0 0 0 1 1 1 0
2 1 0 192.0 96.0 0 0 0 1 1 1 0
2 1 0 192.0 80.0 0 0 0 1 1 1 0
2 1 0 192.0 64.0 0 0 0 1 1 1 0
2 1 0 192.0 48.0 0 0 0 1 1 1 0
2 1 0 192.0 32.0 0 0 0 1 1 1 0
2 1 0 192.0 16.0 0 0 0 1 1 1 0
2 1 0 192.0 0.0 0 0 0 1 1 1 0
2 1 0 192.0 -16.0 0 0 0 1 1 1 0
2 1 0 192.0 -32.0 0 0 0 1 1 1 0
2 1 0 192.0 -48.0 0 0 0 1 1 1 0
2 1 0 192.0 -64.0 0 0 0 1 1 1 0
2 1 0 192.0 -80.0 0 0 0 1 1 1 0
2 1 0 192.0 -96.0 0 0 0 1 1 1 0
2 1 0 192.0 -112.0 0 0 0 1 1 1 0
2 1 0 208.0 128.0 0 0 0 1 1 1 0
2 1 0 208.0 112.0 0 0 0 1 1 1 0
2 1 0 208.0 96.0 0 0 0 1 1 1 0
2 1 0 208.0 80.0 0 0 0 1 1 1 0
2 1 0 208.0 64.0 0 0 0 1 1 1 0
2 1 0 208.0 48.0 0 0 0 1 1 1 0
2 1 0 208.0 32.0 0 0 0 1 1 1 0
2 1 0 208.0 16.0 0 0 0 1 1 1 0
2 1 0 208.0 0.0 0 0 0 1 1 1 0
2 1 0 208.0 -16.0 0 0 0 1 1 1 0
2 1 0 208.0 -32.0 0 0 0 1 1 1 0
2 1 0 208.0 -48.0 0 0 0 1 1 1 0
2 1 0 208.0 -64.0 0 0 0 1 1 1 0
2 1 0 208.0 -80.0 0 0 0 1 1 1 0
2 1 0 208.0 -96.0 0 0 0 1 1 1 0
2 1 0 208.0 -112.0 0 0 0 1 1 1 0
2 1 0 224.0 128.0 0 0 0 1 1 1 0
2 1 0 224.0 112.0 0 0 0 1 1 1 0
2 1 0 224.0 96.0 0 0 0 1 1 1 0
2 1 0 224.0 80.0 0 0 0 1 1 1 0
2 1 0 224.0 64.0 0 0 0 1 1 1 0
2 1 0 224.0 48.0 0 0 0 1 1 1 0
2 1 0 224.0 32.0 0 0 0 1 1 1 0
2 1 0 224.0 16.0 0 0 0 1 1 1 0
2 1 0 224.0 0.0 0 0 0 1 1 1 0
2 1 0 224.0 -16.0 0 0 0 1 1 1 0
2 1 0 224.0 -32.0 0 0 0 1 1 1 0
2 1 0 224.0 -48.0 0 0 0 1 1 1 0
2 1 0 224.0 -64.0 0 0 0 1 1 1 0
2 1 0 224.0 -80.0 0 0 0 1 1 1 0
2 1 0 224.0 -96.0 0 0 0 1 1 1 0
2 1 0 224.0 -112.0 0 0 0 1 1 1 0
2 1 0 240.0 128.0 0 0 0 1 1 1 0
2 1 0 240.0 112.0 0 0 0 1 1 1 0
2 1 0 240.0 96.0 0 0 0 1 1 1 0
2 1 0 240.0 80.0 0 0 0 1 1 1 0
2 1 0 240.0 64.0 0 0 0 1 1 1 0
2 1 0 240.0 48.0 0 0 0 1 1 1 0
2 1 0 240.0 32.0 0 0 0 1 1 1 0
2 1 0 240.0 16.0 0 0 0 1 1 1 0
2 1 0 240.0 0.0 0 0 0 1 1 1 0
2 1 0 240.0 -16.0 0 0 0 1 1 1 0
2 1 0 240.0 -32.0 0 0 0 1 1 1 0
2 1 0 240.0 -48.0 0 0 0 1 1 1 0
2 1 0 240.0 -64.0 0 0 0 1 1 1 0
2 1 0 240.0 -80.0 0 0 0 1 1 1 0
2 1 0 240.0 -96.0 0 0 0 1 1 1 0
2 1 0 240.0 -112.0 0 0 0 1 1 1 0